96 128 -32 96
160 192 -32 32
384 416 -32 32
448 480 -32 32
544 576 -32 32
608 640 -32 32
768 800 -32 256
832 864 -32 256
864 896 -32 256
928 960 -32 640
0 32 0 96
32 64 0 96
64 96 0 96
192 384 0 32
480 544 0 32
640 672 0 128
672 704 0 128
704 736 0 128
736 768 0 256
-32 0 64 96
192 352 96 128
384 416 96 576
480 512 96 480
576 640 96 128
192 224 128 192
256 352 128 160
-32 128 160 192
160 192 160 192
0 128 192 224
256 352 192 224
576 608 192 480
608 640 192 480
640 672 192 480
-32 128 224 256
160 352 224 256
320 352 256 480
736 768 288 480
768 800 288 480
800 832 288 480
832 864 288 480
864 896 288 480
-32 32 320 352
96 128 320 640
128 160 320 640
192 224 320 480
224 256 320 480
256 288 320 480
288 320 320 480
0 32 352 544
416 448 416 576
-32 0 512 544
896 928 512 640
192 384 544 576
448 512 544 576
576 832 544 576
-32 96 576 608
576 832 576 608
0 96 608 640
160 416 608 640
544 896 608 640
384 416 640 672
544 576 640 672