32 64 -32 448
96 128 -32 32
192 224 -32 32
256 288 -32 192
320 352 -32 192
352 384 -32 192
416 448 -32 160
480 512 -32 160
544 576 -32 160
640 672 -32 160
704 736 -32 128
736 768 -32 384
832 864 -32 256
928 960 -32 96
0 32 0 640
128 192 0 32
448 480 0 160
576 608 0 160
608 640 0 160
672 704 32 160
960 992 64 96
96 256 96 128
96 256 128 160
96 256 160 192
928 960 160 256
960 992 160 192
416 448 192 384
480 512 192 288
544 576 192 384
576 704 192 224
576 704 224 256
960 992 224 256
64 96 256 448
96 128 256 448
160 192 256 480
192 256 256 288
288 320 256 384
320 384 256 288
576 704 256 288
224 256 288 480
352 384 288 384
448 480 320 384
480 512 320 384
576 704 320 352
832 992 320 352
576 704 352 384
832 960 352 384
928 960 384 544
256 384 416 448
416 512 416 448
544 704 416 448
736 928 416 448
256 288 448 480
416 512 448 480
544 704 448 480
736 928 448 480
64 96 480 576
96 128 480 576
736 928 480 512
128 384 512 544
416 928 512 544
960 992 512 544
128 384 544 576
416 992 576 608
32 960 608 640
