-32 960 0 32
928 960 32 640
-32 256 96 128
736 928 96 128
-32 256 128 160
736 928 128 160
192 224 160 672
224 256 160 672
-32 32 224 256
736 768 224 448
768 800 224 448
0 32 256 544
256 736 288 320
256 736 320 352
320 352 352 672
352 384 352 640
608 640 352 416
640 672 352 416
800 832 352 416
832 864 352 416
32 64 480 544
64 96 480 544
608 640 480 640
640 672 480 640
-32 0 512 544
736 928 512 544
384 512 544 576
576 608 544 672
672 800 544 576
384 512 576 608
672 800 576 608
-32 128 608 640
384 512 608 640
672 800 608 640
864 896 608 672
896 928 608 640
96 128 640 672
480 512 640 672
768 800 640 672
---
608 672 384 512 blue
736 800 128 256 green