384 416 -32 32
544 576 -32 32
0 32 0 640
32 384 0 32
576 960 0 32
256 288 32 480
288 320 32 480
640 672 32 128
672 704 32 128
704 736 32 128
800 960 32 64
800 832 64 160
832 864 64 128
864 896 64 96
928 960 64 128
32 64 96 672
64 96 96 288
96 128 96 288
128 160 96 288
160 192 96 288
192 224 96 288
384 576 96 128
960 992 96 128
384 576 128 160
384 576 160 192
640 672 160 448
672 704 160 480
704 736 160 480
864 896 160 320
896 992 160 192
384 576 192 224
832 864 192 288
608 640 224 416
800 832 224 256
928 992 224 256
576 608 256 384
384 416 288 480
416 448 288 480
512 576 288 320
928 992 288 320
96 128 320 672
128 160 320 640
160 192 320 640
192 224 320 672
448 480 320 480
544 576 320 352
800 832 320 480
480 512 352 480
832 864 352 480
928 960 352 480
960 992 352 384
512 544 384 480
864 896 384 480
544 576 416 480
896 928 416 480
576 608 448 480
960 992 448 480
256 288 544 672
320 672 544 576
704 736 544 672
736 768 544 672
768 800 544 608
832 992 544 576
320 672 576 608
832 864 576 672
320 352 608 672
352 384 608 672
416 512 608 640
544 672 608 640
928 960 608 672
960 992 608 640
416 448 640 672
480 512 640 672
544 576 640 672
640 672 640 672